644
4142
456
2285
3470
1754
1701
2867
3170
1938
1970
3590
436
3443
1991
1706
3916
458
2245
4599
946
2428
1764
4427
242
764
1000
4239
1233
3793
4625
515
1528
3225
2196
163
2367
4993
4843
1374
4257
624
3263
1147
3564
4620
4927
3961
4532
884
4817
2358
735
4593
4699
4463
3146
1607
961
4620
3625
957
4788
939
3894
4003
3762
338
3544
3023
4026
3870
145
2915
4869
1622
2341
1837
1506
4941
517
4836
4312
1229
2638
3502
3086
2588
771
899
4266
2918
2804
3675
4542
1936
4073
4772
2733
3100
3804
2736
4615
4192
2973
4475
4522
723
2106
3591
3465
2230
183
1019
4586
278
3387
4313
177
533
3619
2414
535
4415
4090
4331
4926
4366
3817
763
2232
2322
2101
1947
2823
4812
1670
69
2647
3230
2142
1186
4039
2826
2993
4432
1650
351
2723
3465
2965
837
2742
2253
2228
4302
4458
3634
495
635
377
3807
327
2860
345
3906
1249
4792
1960
2090
4922
3176
4378
4706
2577
825
4581
578
657
2119
2416
3049
4542
1737
3887
2748
877
3004
4076
3548
1133
4968
3238
2078
3321
2274
1316
2150
3878
3181
2110
3776
2956
3440
39
2475
1558
4637
2744
3940
1896
876
1376
56
3109
3196
4360
2540
775
2791
1908
470
1464
704
4788
4377
2488
2945
207
1238
3289
1602
2389
829
1288
427
4949
2822
2693
4829
2674
3571
2819
3314
1705
2272
1989
3077
4959
760
2695
4631
1568
4799
1379
4916
4069
476
2747
3343
44
2495
636
109
4112
1306
4888
2533
450
4357
785
736
4993
3144
1067
242
3846
1986
2706
768
2936
2597
3433
3054
2232
1595
2670
1446
2760
731
905
1987
3361
1584
2821
4689
3102
4869
352
533
377
1158
1843
974
3353
4625
210
1758
1593
3694
3073
1154
3800
3988
2524
2022
2168
4403
3437
129
3148
2405
4541
4571
2997
1451
2197
1223
526
4355
3966
1608
1881
3597
2305
4126
1103
114
570
3171
2443
1856
2392
4018
3827
3014
207
1620
1688
1205
3803
4553
347
3672
2628
700
949
2791
696
3678
1024
2178
85
4145
1058
973
3674
3494
3131
1150
1683
3839
300
2121
4916
1617
950
1394
1907
4691
3987
2879
3946
4953
36
1255
2813
2091
4286
2333
1751
2677
499
2169
571
288
4889
836
4866
3890
2263
1394
1384
969
517
2019
4335
2434
2019
3096
81
4038
1763
1601
4841
3333
2932
2430
3312
4724
1319
148
710
3536
2899
2975
4118
2458
4521
1317
1659
2543
3008
2816
1967
3622
2882
2377
1233
1123
3042
2860
3307
2754
1039
3197
82
1273
560
4107
814
2053
2902
2361
496
2548
3259
4960
4972
3150
3408
2491
2466
3787
2076
1979
1927
4676
4796
1784
2150
4353
2417
2670
1396
62
1876
1309
30
1958
3559
1124
1640
3487
1239
3781
4905
3980
380
930
1737
2559
420
2677
4851
2599
3788
4813
876
3703
4662
3907
3671
1531
3246
2429
3218
908
692
4600
2244
4309
3399
2771
2573
335
3905
3840
4982
1949
120
2590
4117
3501
930
1112
2714
1023
368
3972
3510
1138
3706
668
3151
4610
2820
1476
439
2782
246
1461
1664
2429
3584
1982
4629
933
3919
149
453
849
2530
2067
4613
2171
3030
1848
623
218
1620
1328
4392
2960
4753
1782
4336
3555
1578
2773
3264
1660
3595
3490
2783
3327
4613
2472
875
2072
1280
2645
3279
1790
3193
895
3476
1228
843
1600
665
1542
3247
3894
4053
2164
2518
3148
346
4528
994
3084
3609
1501
2080
2273
2312
1243
462
1221
2029
815
1947
14
2972
3142
2825
2565
587
4511
1497
4271
2050
4905
4531
3439
4639
373
4103
2270
2665
4441
3601
1003
4797
3576
3162
574
4305
215
1767
3349
3858
4920
3528
3082
3936
3753
3792
3990
4489
2732
1473
2196
807
1678
1641
2362
4794
2265
4995
521
1200
132
1956
971
2079
2079
4124
2082
2827
607
3659
3063
4686
738
3619
2691
4434
283
4169
1832
4623
1648
1477
3929
2875
600
1842
4079
2011
3688
3872
2141
4069
2050
4876
2755
3873
528
4690
1334
3760
3915
1376
1862
2042
4440
1707
4222
1390
742
2317
3014
2071
4891
3407
4571
494
318
2451
1157
2579
2558
1620
1651
766
1139
1213
1067
4890
4112
2950
3050
2540
4050
4485
1864
2542
2148
1803
1792
4368
2489
3891
907
4289
4874
1699
2174
4883
3799
2631
729
3543
250
2258
2042
3718
2091
2212
3358
3592
2427
3309
2557
1491
4209
2803
147
4345
4167
2242
831
3198
3823
4882
137
1595
1026
1649
1020
4388
2961
2002
4183
1996
2678
3968
1978
2995
4965
4067
2643
979
4010
2507
3618
306
3053
2586
2076
1599
2855
3413
2386
1578
4768
3952
1213
229
1382
2415
1410
3392
2804
1109
871
2040
1321
816
7
1809
2582
2836
1055
4220
3140
4887
29
3463
330
603
3331
1689
844
4649
1124
235
61
3177
1698
446
292
2441
737
4908
1151
1823
2296
3272
853
2797
1266
3376
4387
1062
4387
2437
548
3759
1160
429
2811
4438
2484
224
2708
4517
3833
4235
1148
3691
1919
4178
1254
2480
1679
717
3222
2865
1377
2937
1734
1607
1411
2361
1452
3038
730
970
3409
4524
3614
3168
1652
1911
2142
1184
2691
611
2770
786
3709
1008
3419
2274
1321
177
776
1554
3070
1140
1138
4396
4615
2972
2896
4956
3968
4586
478
3604
2993
2077
4795
2096
2067
2183
4269
1190
515
3868
4811
3568
2177
3701
712
194
3807
780
2122
2408
655
112
4353
1528
333
3381
2786
3704
3437
2208
4127
4859
3456
2051
2708
3615
772
3622
995
1077
180
2273
3493
2391
14
4847
809
935
660
4723
901
4562
2536
1071
1755
1520
649
1615
4585
2654
1566
3425
4894
3202
748
2149
2259
2201
4512
1260
885
2019
2108
2582
1589
4207
4150
